standard: superfamily
benchmark: cath20-scop
valid seqnum: 968
./repo/raw/cath20-scop/psiblast_BL62_cath20-scop_5/0.002/uniref50
num of iterations: 5
psiblast file num: 1754
psiblast query num: 968
2758
647.634611105
518.979983573
evalue fdr: 0.018 
TP fdr: 470.117146349 
evalue cut for ROCN: 1.0
ROC5: 0.528473083361
#End

./repo/raw/cath20-scop/psiblastoda25_BL62_cath20-scop_5/0.002/uniref50
num of iterations: 5
psiblastoda25 file num: 1754
psiblastoda25 query num: 968
3187
885.682811493
562.477007239
evalue fdr: 0.009 
TP fdr: 509.293306938 
evalue cut for ROCN: 1.0
ROC5: 0.571366661311
#End

5
968
8828
#1fcfA01	99	3	0.5	0.5	0.0505050505051	0.232323232323
#2g8yA01	110	2	1.0	1.0	0.0454545454545	0.218181818182
#1jihA03	79	24	0.0	0.0	0.0	0.0
#3czxA00	178	4	0.333333333333	0.333333333333	0.123595505618	0.404494382022
#3fdjA03	127	3	1.0	1.0	0.0866141732283	0.322834645669
#3etlA01	65	24	0.6	0.626086956522	0.0	0.0
#2bb3A01	102	5	0.75	1.0	0.117647058824	0.421568627451
#1aq2A02	79	2	0	0.0	0.0126582278481	0.139240506329
#1g55A01	131	3	1.0	1.0	0.0763358778626	0.282442748092
#2reiA01	107	44	0.558139534884	0.744186046512	0.158878504673	0.364485981308
#1q17A02	111	2	1.0	1.0	0.279279279279	0.612612612613
#1g8pA02	78	2	0.0	0.0	0.0128205128205	0.0512820512821
#1dk4A02	115	7	0.833333333333	0.833333333333	0.0608695652174	0.2
#2p5zX02	97	2	0.0	1.0	0.113402061856	0.39175257732
#2b3tA01	84	16	0.0666666666667	0.0666666666667	0.0119047619048	0.27380952381
#1xa4A02	111	2	1.0	1.0	0.0540540540541	0.252252252252
#1i09B01	99	44	0.697674418605	0.744186046512	0.353535353535	0.414141414141
#1k32A03	72	3	0.5	0.5	0.0	0.0
#1amuA01	165	7	0.333333333333	0.333333333333	0.715151515152	0.793939393939
#1aohB00	147	2	1.0	1.0	0.0	0.0
#1qoyA00	303	2	0	0	0.0	0.016501650165
#3db8A01	96	44	0.674418604651	0.744186046512	0.416666666667	0.53125
#1b6sB03	62	18	0.588235294118	0.588235294118	0.0	0.0
#2jkvA03	47	2	0.0	0.0	0.0	0.0851063829787
#1o20A02	149	3	1.0	1.0	0.221476510067	0.536912751678
#3dv9A02	68	21	0.1	0.1	0.0	0.0
#1bpbA01	58	24	0.252173913043	0.278260869565	0.0	0.0689655172414
#1suwA01	124	3	1.0	1.0	0.0322580645161	0.137096774194
#1xszA01	84	3	1.0	1.0	0.0119047619048	0.119047619048
#2chlA01	84	44	0.697674418605	0.744186046512	0.369047619048	0.511904761905
#1h6uA03	103	2	0	0	0.0	0.0
#1y1oA00	166	10	0.0	0.0	0.0180722891566	0.102409638554
#1ahuA01	123	8	0.571428571429	0.514285714286	0.0243902439024	0.138211382114
#1jmsA04	69	4	1.0	1.0	0.0869565217391	0.217391304348
#1jmsA02	59	24	0.339130434783	0.330434782609	0.0	0.0
#1sxjE02	64	24	0.130434782609	0.130434782609	0.0	0.0
#1dnpA02	123	3	1.0	1.0	0.0813008130081	0.30081300813
#1nh8A03	67	5	0.45	0.4	0.0	0.0
#1l4aD00	75	8	0.228571428571	0.228571428571	0.0	0.0
#1t5dX02	147	7	0.5	0.5	0.197278911565	0.503401360544
#1gl2D00	55	8	0.2	0.371428571429	0.0	0.0
#1hskA02	88	8	0.571428571429	0.714285714286	0.0454545454545	0.238636363636
#1t8eA02	182	2	1.0	1.0	0.0604395604396	0.214285714286
#1nx9A02	76	2	1.0	1.0	0.0	0.0
#1k4sA03	155	2	1.0	1.0	0.0129032258065	0.2
#1cjaA02	177	2	0.0	0.0	0.0	0.0
#1cjaA01	150	2	0.0	0.0	0.0	0.0
#1fziA00	512	7	0.333333333333	0.433333333333	0.013671875	0.12109375
#1vr5A02	146	2	1.0	1.0	0.219178082192	0.431506849315
#1vr5A03	236	2	1.0	1.0	0.550847457627	0.724576271186
#3b8mA02	105	5	0.0	0.0	0.0	0.0
#1dofA02	85	8	0.571428571429	0.828571428571	0.0470588235294	0.235294117647
#1m53A02	70	4	0.666666666667	0.666666666667	0.128571428571	0.4
#2advC03	185	2	1.0	1.0	0.027027027027	0.151351351351
#1hbwA00	57	12	0.0	0.0	0.0	0.0
#1e4eA02	58	18	0.635294117647	0.705882352941	0.0	0.0
#2as0A01	68	7	0.8	0.833333333333	0.0	0.0
#1ornA02	100	7	0.5	0.466666666667	0.23	0.49
#1bsvA02	94	14	0.0769230769231	0.538461538462	0.0957446808511	0.340425531915
#1h0bA00	227	2	1.0	0.8	0.0220264317181	0.101321585903
#1jcfA03	76	5	0.0	0.25	0.0394736842105	0.118421052632
#1m9sA04	86	2	1.0	1.0	0.0	0.0
#1m9sA05	78	2	1.0	1.0	0.0	0.0
#1f0xA02	145	8	0.285714285714	0.571428571429	0.165517241379	0.434482758621
#1w27A01	235	8	0	0	0.063829787234	0.336170212766
#1m0tA01	85	2	1.0	1.0	0.0	0.0
#1dizA03	52	7	0.0	0	0.0	0.0
#1te2A02	70	21	0	0.0	0.0	0.0428571428571
#1kbzA02	85	14	0.0769230769231	0.0	0.0705882352941	0.317647058824
#1ypwA06	65	24	0.0869565217391	0.0869565217391	0.0	0.0769230769231
#1qssA02	117	2	0.0	1.0	0.0940170940171	0.34188034188
#1x6aA01	62	5	1.0	1.0	0.0	0.0645161290323
#1iugA01	111	38	0.162162162162	0.113513513514	0.036036036036	0.225225225225
#1rwjA00	81	8	0.942857142857	0.942857142857	0.0	0.0
#3fspA01	115	7	0.5	0.333333333333	0.121739130435	0.382608695652
#1lwhA02	65	4	0.666666666667	0.666666666667	0.0153846153846	0.0615384615385
#2p4vA02	80	2	1.0	1.0	0.05	0.1625
#1bvp102	133	3	0	0	0.0	0.0225563909774
#1xb2B01	60	16	0.2	0.2	0.0333333333333	0.116666666667
#1sb8A02	107	14	0.615384615385	0.615384615385	0.102803738318	0.271028037383
#1eboF00	113	5	0.25	0.25	0.0353982300885	0.159292035398
#3nd1B01	139	5	1.0	1.0	0.129496402878	0.41726618705
#1vs0A01	74	7	0.5	0.5	0.0540540540541	0.22972972973
#3g0eA01	131	44	0.697674418605	0.720930232558	0.24427480916	0.396946564885
#1paqA00	156	8	0.142857142857	0.142857142857	0.0192307692308	0.0961538461538
#2qzuA02	84	5	1.0	1.0	0.0119047619048	0.0714285714286
#1b37A02	218	5	0.75	0.75	0.105504587156	0.43119266055
#1p49A03	108	5	0.75	0.75	0.0277777777778	0.203703703704
#1inlA02	66	5	1.0	1.0	0.0	0.0
#2q85A01	67	8	0.285714285714	0.428571428571	0.0	0.149253731343
#2oasA01	175	4	1.0	1.0	0.0685714285714	0.365714285714
#2ae8B01	77	3	1.0	1.0	0.012987012987	0.116883116883
#1urqA00	58	8	0.114285714286	0.114285714286	0.0	0.0689655172414
#1exgA00	110	3	0.4	0.5	0.0181818181818	0.145454545455
#3csvA01	81	44	0.0697674418605	0.0651162790698	0.0	0.037037037037
#3qxzA02	60	6	0.8	0.8	0.0	0.0
#1gs0A02	215	2	1.0	1.0	0.167441860465	0.516279069767
#2jz8A00	87	2	1.0	1.0	0.0	0.0
#1gw6A03	157	2	0	0.0	0.43949044586	0.732484076433
#1sxjD02	70	24	0.365217391304	0.347826086957	0.0	0.0
#2qgsA01	97	3	0.7	0.6	0.0103092783505	0.0927835051546
#3a7aA01	248	3	1.0	1.0	0.137096774194	0.524193548387
#2p0lA00	257	3	0.5	1.0	0.0778210116732	0.377431906615
#2zciA02	110	2	0.0	0.0	0.0181818181818	0.127272727273
#2bbjA02	118	2	0	0.0	0.0762711864407	0.186440677966
#1np7B02	171	3	1.0	1.0	0.0584795321637	0.280701754386
#1fsuA02	104	5	1.0	1.0	0.0192307692308	0.0769230769231
#3tatA01	155	38	0.027027027027	0.0540540540541	0.141935483871	0.496774193548
#1te7A00	103	2	0.8	0.8	0.00970873786408	0.0873786407767
#1fqjB01	47	2	1.0	1.0	0.0	0.0
#1s3rA02	53	2	1.0	1.0	0.0	0.0
#1iv0A00	98	3	1.0	1.0	0.0612244897959	0.326530612245
#1jwqA00	179	4	0.333333333333	0.333333333333	0.329608938547	0.692737430168
#1vsgA02	159	2	0.8	0.8	0.0	0.0
#1vsgA01	203	2	1.0	1.0	0.00985221674877	0.0246305418719
#1ci6A00	56	12	0.363636363636	0.363636363636	0.0	0.0714285714286
#1keaA01	104	7	0.5	0.6	0.115384615385	0.442307692308
#1nd4A01	86	44	0.0418604651163	0.0232558139535	0.0	0.046511627907
#1i8dA02	105	4	0.333333333333	0.6	0.0380952380952	0.219047619048
#1fs0G01	130	2	1.0	1.0	0.0692307692308	0.315384615385
#3kgwB01	142	38	0.12972972973	0.243243243243	0.0704225352113	0.345070422535
#2hekA01	281	6	0.2	0.6	0.185053380783	0.476868327402
#2is2A04	165	2	1.0	1.0	0.187878787879	0.551515151515
#2hwjA02	59	16	0.0	0.0	0.0	0.0
#1lyqB00	104	2	0	0.0	0.0	0.153846153846
#2qamC03	77	2	1.0	1.0	0.0	0.142857142857
#1fc5A02	57	3	1.0	1.0	0.0	0.0
#3bosA02	63	24	0.0	0.0	0.0	0.0
#1e7uA03	195	2	0.0	0.0	0.0923076923077	0.328205128205
#1e7uA04	158	2	0	0.0	0.0822784810127	0.316455696203
#1euqA03	79	2	0.8	0.8	0.0379746835443	0.164556962025
#1euqA04	109	2	1.0	1.0	0.100917431193	0.449541284404
#1p9wA01	113	2	0.0	0.0	0.0973451327434	0.353982300885
#2iukA04	136	2	1.0	1.0	0.0955882352941	0.367647058824
#1qn0A00	112	8	0.828571428571	0.857142857143	0.0	0.0178571428571
#3caxA01	217	2	1.0	1.0	0.036866359447	0.138248847926
#3k75D03	73	4	1.0	1.0	0.109589041096	0.369863013699
#2yy5A02	119	6	0.8	0.8	0.0840336134454	0.302521008403
#1hdlA00	55	2	1.0	1.0	0.0	0.0
#2i6xA02	70	21	0.05	0.05	0.0	0.0
#1jajA02	69	4	1.0	1.0	0.0289855072464	0.130434782609
#1gtxA01	167	38	0.183783783784	0.216216216216	0.161676646707	0.419161676647
#2an1A01	145	3	1.0	1.0	0.0620689655172	0.289655172414
#2rdiA03	72	24	0.260869565217	0.330434782609	0.0138888888889	0.111111111111
#2d6fA03	138	2	1.0	1.0	0.0579710144928	0.297101449275
#1ovyA00	97	2	1.0	1.0	0.0618556701031	0.350515463918
#1rqgA02	154	2	1.0	1.0	0.298701298701	0.623376623377
#1o54A01	72	2	1.0	1.0	0.0	0.111111111111
#1chkA01	143	3	0.0	0.0	0.0	0.027972027972
#1g47A00	70	5	1.0	1.0	0.0428571428571	0.128571428571
#1amuA02	140	7	0	0.5	0.5	0.635714285714
#1amuA03	81	4	1.0	1.0	0.543209876543	0.654320987654
#2r76A00	129	3	1.0	1.0	0.0077519379845	0.0077519379845
#1dkgD04	88	5	0.25	0.05	0.113636363636	0.465909090909
#1q02A00	52	16	0.0666666666667	0.0666666666667	0.0	0.0
#1kzhA02	188	2	1.0	1.0	0.0797872340426	0.367021276596
#1w17A00	236	5	0.2	0.5	0.309322033898	0.610169491525
#1auwA01	137	8	0	0.142857142857	0.0948905109489	0.379562043796
#1auwA03	72	7	0.166666666667	0.166666666667	0.0	0.166666666667
#1w5sB01	98	24	0.130434782609	0.165217391304	0.0102040816327	0.132653061224
#1nypA00	66	5	1.0	1.0	0.0	0.0606060606061
#1phkA01	91	44	0.720930232558	0.720930232558	0.461538461538	0.538461538462
#1d5tA03	105	4	0.333333333333	0.333333333333	0.0190476190476	0.219047619048
#1mdxA02	126	38	0.108108108108	0.140540540541	0.174603174603	0.5
#1a3gA01	135	6	0.8	0.8	0.0592592592593	0.355555555556
#3d6jA02	65	21	0.18	0.18	0.0	0.0
#2qggA02	81	2	0.0	0.0	0.0	0.135802469136
#1mg1A03	84	5	0.25	0.25	0.0119047619048	0.0952380952381
#1qgiA01	147	2	1.0	1.0	0.0	0.0
#1qgiA02	111	3	0.5	0.5	0.0	0.0
#1ug9A04	247	2	0	0	0.0	0.0
#1ug9A03	86	2	1.0	1.0	0.0	0.0
#2jmuA01	213	3	1.0	1.0	0.0234741784038	0.131455399061
#1g31A00	107	2	1.0	1.0	0.0	0.0
#1o65A00	218	2	1.0	1.0	0.0733944954128	0.348623853211
#1acoA02	113	2	1.0	1.0	0.0884955752212	0.371681415929
#1q18A02	197	2	0.0	0.0	0.0507614213198	0.329949238579
#1n6cA02	168	4	1.0	1.0	0.184523809524	0.452380952381
#2or0B01	122	5	0.95	0.85	0.0573770491803	0.196721311475
#1dn1A02	107	2	1.0	1.0	0.0467289719626	0.158878504673
#2dclA00	99	5	0.25	0.25	0.0	0.0
#1e9rA02	113	2	0	0	0.0265486725664	0.141592920354
#2dylA01	91	44	0.720930232558	0.720930232558	0.175824175824	0.406593406593
#1s2oA02	71	3	0.0	0.0	0.0	0.0
#1bcpA00	224	2	1.0	1.0	0.00892857142857	0.0357142857143
#1hehC00	88	3	0.5	0.5	0.0	0.0
#1ovqA00	138	3	1.0	1.0	0.159420289855	0.492753623188
#1wngA01	114	5	0.75	1.0	0.201754385965	0.570175438596
#3n1xB00	324	7	0.333333333333	0.5	0.00617283950617	0.0987654320988
#3sm4C00	229	2	0.0	0.0	0.205240174672	0.506550218341
#1ds0A00	323	4	1.0	1.0	0.136222910217	0.386996904025
#1befA01	92	2	1.0	1.0	0.0	0.0
#1khvA05	97	4	0.666666666667	0.666666666667	0.0103092783505	0.0927835051546
#1mdbA03	76	4	1.0	1.0	0.381578947368	0.473684210526
#2dwcB02	59	18	0.705882352941	0.764705882353	0.0	0.0
#1j1eF00	141	2	1.0	1.0	0.0283687943262	0.177304964539
#1ehiA03	68	18	0.694117647059	0.705882352941	0.0	0.0
#1llnA02	81	8	0.857142857143	0.857142857143	0.0	0.0
#1njgB01	73	24	0.304347826087	0.347826086957	0.0	0.0821917808219
#2clqA01	85	44	0.697674418605	0.744186046512	0.411764705882	0.482352941176
#1sqlJ00	123	5	0.25	0.25	0.0325203252033	0.186991869919
#2a9fA01	159	2	1.0	1.0	0.157232704403	0.471698113208
#1zaoA02	83	44	0.316279069767	0.511627906977	0.0963855421687	0.325301204819
#1s4dB01	126	5	1.0	1.0	0.198412698413	0.5
#1ybzA00	76	2	1.0	1.0	0.0	0.0
#1jj2M00	186	2	1.0	1.0	0.0483870967742	0.306451612903
#1n7sC00	79	8	0.142857142857	0.142857142857	0.0	0.0
#1y88A01	125	10	0.222222222222	0.511111111111	0.096	0.336
#1y88A02	59	24	0.0434782608696	0.0434782608696	0.0	0.0
#1n0vC04	81	3	1.0	1.0	0.0246913580247	0.222222222222
#1dpeA01	169	2	1.0	1.0	0.289940828402	0.502958579882
#1dpeA03	219	2	1.0	1.0	0.611872146119	0.739726027397
#3p1wA02	162	2	1.0	1.0	0.0679012345679	0.296296296296
#1y42X02	103	6	0.6	0.64	0.0970873786408	0.407766990291
#2p90B02	49	3	0.5	0.5	0.0	0.0
#2wtkC01	89	44	0.674418604651	0.744186046512	0.449438202247	0.584269662921
#3pjrA02	80	3	0.5	0.5	0.05	0.15
#1a66A00	178	3	0.5	0.5	0.0898876404494	0.365168539326
#1b9hA02	139	38	0.151351351351	0.145945945946	0.107913669065	0.474820143885
#1w93A03	63	18	0.764705882353	0.764705882353	0.0634920634921	0.222222222222
#1jeyB03	102	2	0.0	0.8	0.0196078431373	0.117647058824
#2jrrA01	53	2	1.0	1.0	0.0	0.0
#1fokA03	178	2	0.0	0	0.00561797752809	0.0337078651685
#2qyxB01	109	2	1.0	1.0	0.0	0.0
#1ijiA02	129	38	0.135135135135	0.27027027027	0.108527131783	0.434108527132
#3dydA01	137	38	0.135135135135	0.313513513514	0.124087591241	0.372262773723
#2fb5A01	72	2	0	0	0.0	0.0
#2qmaA02	122	38	0.118918918919	0.0648648648649	0.0983606557377	0.33606557377
#1bqbA01	154	2	1.0	1.0	0.0584415584416	0.337662337662
#3cswC01	106	6	0.8	0.96	0.0471698113208	0.198113207547
#2esmA01	201	44	0.418604651163	0.744186046512	0.208955223881	0.373134328358
#1hssA00	111	5	1.0	1.0	0.0	0.0
#1d2iA00	218	3	1.0	1.0	0.0	0.0
#1gy8C01	130	14	0.384615384615	0.615384615385	0.207692307692	0.423076923077
#2quiA02	132	6	0.8	0.8	0.0606060606061	0.318181818182
#1bjpA00	62	2	1.0	1.0	0.0	0.0645161290323
#2vd3A03	74	5	0.25	0.25	0.0	0.0675675675676
#1wruA02	88	2	0.8	1.0	0.0	0.0454545454545
#1kftA00	56	24	0.6	0.582608695652	0.0	0.0714285714286
#1mw7A03	75	3	1.0	1.0	0.0	0.0
#1t5dX03	80	4	1.0	1.0	0.3	0.425
#2ptqA01	117	8	0.571428571429	0.571428571429	0.025641025641	0.128205128205
#1o9lA01	233	4	1.0	1.0	0.128755364807	0.56652360515
#1uusA02	129	3	0	0	0.0	0.0
#2qdzA02	82	2	0	0.0	0.0121951219512	0.146341463415
#1wucA02	81	8	0.857142857143	0.857142857143	0.0	0.0
#1xkcB00	166	3	1.0	1.0	0.0361445783133	0.228915662651
#1rw3A02	110	2	1.0	1.0	0.381818181818	0.527272727273
#3f9mA01	283	2	0	0.0	0.127208480565	0.537102473498
#2jiiB01	115	44	0.427906976744	0.720930232558	0.0260869565217	0.191304347826
#2z02A01	105	44	0.0232558139535	0.0232558139535	0.0571428571429	0.266666666667
#1is2A01	119	5	0.25	0.25	0.0420168067227	0.176470588235
#3neyA02	63	3	1.0	1.0	0.15873015873	0.428571428571
#1o61A02	141	38	0.124324324324	0.156756756757	0.0992907801418	0.297872340426
#1t2kC00	62	12	0.363636363636	0.363636363636	0.0806451612903	0.225806451613
#1lfpA03	73	3	1.0	1.0	0.027397260274	0.0684931506849
#2ozaA01	92	44	0.720930232558	0.720930232558	0.0	0.0
#1ra6A03	87	4	1.0	1.0	0.0114942528736	0.0459770114943
#1nf2A02	106	5	0.5	0.75	0.00943396226415	0.0566037735849
#2fieD02	137	7	0.0	0	0.0948905109489	0.394160583942
#1h54B01	269	2	0.0	0.0	0.0371747211896	0.204460966543
#2ac1A02	192	2	1.0	1.0	0.0677083333333	0.270833333333
#1ut5A01	80	24	0.2	0.426086956522	0.05	0.275
#1g6eA00	87	4	0.333333333333	0.333333333333	0.0	0.0
#2f1dA02	94	3	0.5	1.0	0.031914893617	0.191489361702
#1eucB02	91	18	0.235294117647	0.294117647059	0.021978021978	0.0769230769231
#1s20G01	81	2	1.0	1.0	0.0123456790123	0.0740740740741
#3ldaA01	74	24	0.573913043478	0.634782608696	0.027027027027	0.0675675675676
#3ci0I00	81	3	0.0	0.0	0.0	0.0
#3czkA03	73	4	0.666666666667	0.666666666667	0.027397260274	0.41095890411
#1t8zC00	51	2	0.0	0.0	0.0	0.0
#1g8jA03	247	5	1.0	1.0	0.259109311741	0.63967611336
#1a0iA01	83	7	0.5	0.5	0.0120481927711	0.0722891566265
#1t0fA01	162	10	0.0888888888889	0.0888888888889	0.0864197530864	0.37037037037
#2im9A01	116	2	1.0	1.0	0.0	0.0
#2im9A02	147	2	1.0	1.0	0.00680272108844	0.0136054421769
#1cezA05	231	24	0.0	0.0	0.017316017316	0.108225108225
#1sqwA02	83	7	0.333333333333	0.833333333333	0.0120481927711	0.0722891566265
#2arzA02	88	2	1.0	1.0	0.0	0.0
#3c6fD02	64	2	1.0	1.0	0.015625	0.0625
#1z1nX04	163	8	0.628571428571	0.742857142857	0.0122699386503	0.0306748466258
#1z1nX02	117	8	0.657142857143	0.628571428571	0.00854700854701	0.034188034188
#3e3xA01	109	3	1.0	1.0	0.0366972477064	0.165137614679
#2w5hA01	66	44	0.720930232558	0.720930232558	0.030303030303	0.151515151515
#1mhlC00	466	2	1.0	1.0	0.274678111588	0.742489270386
#2eo0A00	130	10	0.333333333333	0.444444444444	0.0	0.0307692307692
#1cy8A03	136	2	1.0	1.0	0.0808823529412	0.308823529412
#3emoA00	126	3	0.0	0.0	0.0396825396825	0.222222222222
#1u0rD01	164	3	1.0	1.0	0.0182926829268	0.201219512195
#1nepA00	130	2	1.0	1.0	0.0230769230769	0.169230769231
#1hzeA00	97	4	0.333333333333	0.333333333333	0.020618556701	0.134020618557
#1yi8B02	115	6	1.0	0.96	0.139130434783	0.55652173913
#2g15A01	114	44	0.255813953488	0.720930232558	0.429824561404	0.491228070175
#1bucA01	123	5	0.75	1.0	0.284552845528	0.536585365854
#1yc9A02	83	2	1.0	1.0	0.0240963855422	0.168674698795
#1n3jA00	119	4	1.0	1.0	0.193277310924	0.470588235294
#1fyzC00	388	7	0.4	0.4	0.0	0.0644329896907
#1b70B01	70	2	1.0	1.0	0.0285714285714	0.185714285714
#1w63M01	144	3	0.5	0.5	0.104166666667	0.388888888889
#2q01A02	100	3	0.5	0.5	0.02	0.11
#3bvcA01	195	2	1.0	1.0	0.0102564102564	0.0820512820513
#2vsgA01	198	2	1.0	1.0	0.0	0.010101010101
#2vsgA02	160	2	0	0	0.0	0.0
#1h3eA02	117	6	0.8	0.8	0.0598290598291	0.367521367521
#2pn0A02	80	2	1.0	1.0	0.025	0.1375
#2i2oA00	206	8	0.142857142857	0.285714285714	0.116504854369	0.480582524272
#2z1qA01	139	5	0.25	1.0	0.294964028777	0.517985611511
#3feyA01	288	8	0.0	0.285714285714	0.0729166666667	0.305555555556
#2pfjB00	130	2	0.0	0.0	0.0	0.0769230769231
#1l6rA02	64	3	0	0	0.0	0.0
#1i82A00	189	2	0	0.0	0.047619047619	0.259259259259
#2i9cA01	107	2	0.0	0.0	0.00934579439252	0.00934579439252
#1bx4A02	63	2	1.0	1.0	0.0	0.111111111111
#2dpmA02	103	2	1.0	1.0	0.0291262135922	0.174757281553
#1wivA00	73	16	0.466666666667	0.466666666667	0.0	0.0
#2wamA02	49	3	0.5	0.5	0.0	0.0
#1pdcA00	45	2	1.0	1.0	0.0	0.0
#1cqzB02	80	21	0.1	0.1	0.0	0.1
#3h33A00	72	8	0.942857142857	0.942857142857	0.0	0.0
#1gsaA03	65	18	0.211764705882	0.411764705882	0.0	0.0
#1t3iA01	141	38	0.205405405405	0.286486486486	0.212765957447	0.560283687943
#1w66A01	208	3	0.0	1.0	0.125	0.509615384615
#2basA02	46	12	0.0	0.0	0.0	0.0
#1wsrA02	91	3	1.0	1.0	0.043956043956	0.230769230769
#2qz4A02	69	24	0.0869565217391	0.0869565217391	0.0144927536232	0.144927536232
#1os7A00	281	4	1.0	1.0	0.192170818505	0.565836298932
#1ssfA01	55	3	1.0	1.0	0.0	0.0727272727273
#1p3wA01	121	38	0.232432432432	0.216216216216	0.0909090909091	0.413223140496
#1sm7A00	109	5	1.0	1.0	0.0	0.0366972477064
#1wx1A01	62	2	1.0	1.0	0.0	0.0
#3cmgA04	87	2	1.0	1.0	0.0114942528736	0.0919540229885
#1cf5A02	86	8	0.857142857143	0.857142857143	0.0	0.0
#3f5nB01	186	4	1.0	1.0	0.365591397849	0.720430107527
#1wdtA03	76	3	1.0	1.0	0.0526315789474	0.236842105263
#3h7fB01	186	38	0	0.0	0.10752688172	0.430107526882
#2nr7A00	193	3	0.0	0.0	0.0777202072539	0.290155440415
#3d79A02	93	7	0.833333333333	0.833333333333	0.0215053763441	0.139784946237
#2wt7A00	63	12	0.363636363636	0.363636363636	0.0952380952381	0.253968253968
#1u89A00	139	2	1.0	1.0	0.0	0.0215827338129
#1hwnA02	88	8	0.857142857143	0.857142857143	0.0	0.0
#1zs7A02	81	7	0.833333333333	0.833333333333	0.0	0.0493827160494
#1go5A00	69	16	0.0666666666667	0.0666666666667	0.0289855072464	0.144927536232
#1ad2A02	93	2	1.0	1.0	0.0322580645161	0.279569892473
#2bi4A01	185	4	0.333333333333	1.0	0.32972972973	0.648648648649
#1w2qA01	113	5	1.0	1.0	0.0	0.0
#1r3eA02	84	7	0.833333333333	0.833333333333	0.0	0.0238095238095
#1xqoA01	118	7	0	0	0.0	0.0
#1aroP03	150	3	0.0	0.0	0.0133333333333	0.1
#1qz9A01	143	38	0.162162162162	0.178378378378	0.0769230769231	0.244755244755
#1e1dA01	139	2	1.0	1.0	0.0287769784173	0.136690647482
#1e1dA02	84	2	1.0	1.0	0.0119047619048	0.0595238095238
#2pgsA02	115	2	1.0	1.0	0.00869565217391	0.0608695652174
#2pgsA03	94	2	1.0	1.0	0.0	0.106382978723
#1r0vA01	77	10	0.111111111111	0.111111111111	0.0	0.0519480519481
#2a0uA01	163	2	0.0	0.0	0.0245398773006	0.19018404908
#1gl2A00	54	8	0.2	0.114285714286	0.0185185185185	0.166666666667
#1fd9A02	98	2	1.0	1.0	0.030612244898	0.15306122449
#1i7dA02	180	2	1.0	1.0	0.2	0.605555555556
#1igrA03	172	3	1.0	1.0	0.046511627907	0.18023255814
#1dv2A03	73	18	0.588235294118	0.764705882353	0.027397260274	0.109589041096
#2p9iA03	99	5	0.25	0.25	0.171717171717	0.565656565657
#1u3cA02	134	3	1.0	1.0	0.044776119403	0.186567164179
#3e58A02	66	21	0.0	0.0	0.0	0.0
#1t4hB01	91	44	0.697674418605	0.744186046512	0.32967032967	0.417582417582
#1eyzA02	72	18	0.823529411765	0.823529411765	0.0	0.125
#2osoA00	152	2	0.0	0.0	0.00657894736842	0.0263157894737
#1yiyA01	161	38	0.189189189189	0.237837837838	0.0807453416149	0.248447204969
#1z75A02	89	14	0.0	0.0	0.0112359550562	0.0112359550562
#2p2uA01	69	12	0.0	0.0	0.0	0.0
#1poiB00	260	3	0.5	1.0	0.0807692307692	0.430769230769
#2rd5D00	126	5	0.0	0.2	0.0555555555556	0.269841269841
#1r3fA02	65	7	0.166666666667	0.166666666667	0.0	0.0
#2ftkB01	61	3	0.0	0.0	0.0	0.0
#2rdnA00	275	2	0.6	1.0	0.0690909090909	0.24
#2q7sB00	277	4	0.333333333333	0.333333333333	0.0216606498195	0.180505415162
#1yqjA01	144	44	0.423255813953	0.744186046512	0.444444444444	0.534722222222
#1e79G02	197	2	1.0	1.0	0.121827411168	0.51269035533
#2jxpA01	141	3	1.0	1.0	0.0	0.0141843971631
#2ivmA02	81	5	0.75	1.0	0.0246913580247	0.172839506173
#1iovA03	73	18	0.705882352941	0.764705882353	0.0	0.13698630137
#2hunA02	110	14	0.307692307692	0.538461538462	0.136363636364	0.436363636364
#1q0sA02	95	2	1.0	1.0	0.0315789473684	0.147368421053
#2oyoA01	52	2	1.0	1.0	0.0	0.0576923076923
#1pzxB03	132	3	1.0	1.0	0.136363636364	0.424242424242
#1vpkA02	128	3	0.5	0.5	0.1171875	0.375
#1i1gA02	77	5	1.0	1.0	0.0	0.0
#1ef8A01	59	6	0.8	0.8	0.0	0.0
#1dubA02	58	6	1.0	0.8	0.0172413793103	0.172413793103
#1jqjA01	123	3	0.0	1.0	0.0487804878049	0.252032520325
#1cy3000	118	8	0.942857142857	0.942857142857	0.00847457627119	0.00847457627119
#1uaaA02	74	3	0.5	0.5	0.0	0.0540540540541
#2e84A03	154	8	0.885714285714	0.942857142857	0.00649350649351	0.0519480519481
#2e84A01	120	8	0.857142857143	0.942857142857	0.0	0.0
#1s4kA00	115	2	0.0	0.0	0.00869565217391	0.00869565217391
#1mw8X01	142	2	1.0	1.0	0.232394366197	0.584507042254
#3i76A02	84	21	0.0	0.0	0.0	0.0
#1efuB01	54	16	0.2	0.2	0.0	0.111111111111
#1elqA01	115	38	0.210810810811	0.313513513514	0.0869565217391	0.347826086957
#1u09A03	73	4	0.333333333333	0.333333333333	0.0	0.0
#1e4fT02	65	5	0.25	0.45	0.0153846153846	0.0615384615385
#1a41A01	127	2	1.0	1.0	0.0472440944882	0.11811023622
#1qvrC03	96	24	0.0	0.0869565217391	0.114583333333	0.3125
#1cpcA00	162	2	1.0	1.0	0.0246913580247	0.135802469136
#1eq2D02	101	14	0.461538461538	0.584615384615	0.049504950495	0.287128712871
#3geqA01	93	44	0.688372093023	0.744186046512	0.333333333333	0.451612903226
#2qtsE01	71	2	0.0	0.0	0.0140845070423	0.0845070422535
#1jqjD03	86	24	0.260869565217	0.286956521739	0.0	0.0
#2hakH03	48	16	0.133333333333	0.133333333333	0.0	0.0625
#1sxjA02	72	24	0.260869565217	0.260869565217	0.0	0.0
#1fi1A02	565	4	1.0	1.0	0.419469026549	0.789380530973
#2oceA03	128	3	0.0	1.0	0.0703125	0.375
#3drwA02	119	2	1.0	1.0	0.0	0.0
#3mueA02	105	3	1.0	1.0	0.0666666666667	0.361904761905
#2w1zB02	143	44	0.372093023256	0.372093023256	0.00699300699301	0.027972027972
#1t3nA03	77	24	0.347826086957	0.35652173913	0.025974025974	0.155844155844
#1svvB02	88	38	0.135135135135	0.135135135135	0.0	0.0
#2gmsA02	124	38	0.0810810810811	0.135135135135	0.0887096774194	0.395161290323
#1vrrA00	203	3	1.0	1.0	0.0	0.0492610837438
#2c44C01	202	38	0	0.0	0.029702970297	0.193069306931
#2g64A00	140	3	1.0	1.0	0.0642857142857	0.335714285714
#2pjqB01	94	3	0.9	0.9	0.0	0.0744680851064
#1m1jD00	194	4	0.666666666667	0.666666666667	0.0103092783505	0.0412371134021
#1n4wA02	159	2	0.0	0.0	0.0	0.0
#2qv5A01	234	5	0.75	0.45	0.0555555555556	0.303418803419
#1xr4B02	265	3	0.7	0.9	0.105660377358	0.437735849057
#2ah5A02	64	21	0.2	0.2	0.0	0.0
#3ncxA01	95	2	1.0	0.8	0.0105263157895	0.115789473684
#1t3eA02	58	3	1.0	1.0	0.0	0.0
#2i5iA00	254	5	0.0	0.0	0.0551181102362	0.350393700787
#1al6A02	115	3	1.0	1.0	0.0869565217391	0.330434782609
#1r2jA01	103	5	0.75	1.0	0.145631067961	0.378640776699
#1taeA02	107	7	0.0	0.0	0.11214953271	0.448598130841
#2cycA02	145	6	0.8	0.8	0.144827586207	0.413793103448
#2olsA01	183	18	0.0588235294118	0.0588235294118	0.174863387978	0.475409836066
#2e5wA01	56	5	1.0	1.0	0.0	0.0
#3d7jC00	133	3	1.0	1.0	0.0902255639098	0.315789473684
#3mhkA00	210	2	1.0	1.0	0.152380952381	0.42380952381
#1d2tA00	222	2	0	0	0.144144144144	0.306306306306
#1ua4A02	112	2	1.0	1.0	0.0	0.0
#1m6bB03	204	3	1.0	1.0	0.0735294117647	0.338235294118
#1gosA02	174	5	0.5	0.75	0.172413793103	0.5
#1gosA03	92	4	0	0	0.0108695652174	0.0760869565217
#1uu1B01	132	38	0.297297297297	0.383783783784	0.25	0.560606060606
#1nekA04	41	2	1.0	1.0	0.0	0.0
#3hrvA00	174	2	1.0	1.0	0.0	0.0
#1s4qA02	63	3	1.0	1.0	0.0634920634921	0.269841269841
#1ifyA00	49	16	0.466666666667	0.533333333333	0.0	0.0
#3abfA00	64	2	1.0	1.0	0.0	0.0625
#1an7A02	58	2	1.0	1.0	0.0172413793103	0.155172413793
#1iasA01	114	44	0.720930232558	0.720930232558	0.298245614035	0.359649122807
#2nwaA01	72	3	0	0	0.0	0.0
#3a8iA02	88	3	1.0	1.0	0.0227272727273	0.125
#1j7iA02	173	5	1.0	1.0	0.028901734104	0.109826589595
#2nlyA00	216	5	0.9	0.75	0.365740740741	0.671296296296
#2xzmH02	61	2	1.0	1.0	0.016393442623	0.0491803278689
#3ghpA00	190	2	1.0	1.0	0.0	0.0
#1qmmA05	194	2	0.0	0.0	0.139175257732	0.386597938144
#1ikpA03	207	2	1.0	1.0	0.0	0.0
#2oxnA00	333	2	1.0	1.0	0.33033033033	0.63963963964
#2prrA01	52	2	1.0	1.0	0.0	0.0
#3c6fA01	62	2	1.0	1.0	0.0	0.0645161290323
#1a79A01	100	10	0.111111111111	0.111111111111	0.06	0.2
#3hu3A04	99	24	0.0869565217391	0.0869565217391	0.0909090909091	0.282828282828
#1ob8B00	127	10	0.333333333333	0.555555555556	0.0	0.0
#1tu3J00	53	3	0.0	0	0.0	0.0
#2hi0A02	89	21	0.15	0.14	0.0112359550562	0.0449438202247
#2pt7A01	111	2	0.0	0.0	0.0	0.18018018018
#3bf2A00	122	3	1.0	1.0	0.0	0.0
#1l5jA03	173	2	1.0	1.0	0.0635838150289	0.335260115607
#1jeqA04	95	2	1.0	1.0	0.0105263157895	0.0947368421053
#2imlD02	76	3	0.5	0.5	0.0	0.0
#3k40A03	99	38	0.124324324324	0.0810810810811	0.0505050505051	0.272727272727
#2dtgE01	188	3	1.0	1.0	0.0531914893617	0.196808510638
#2g40A00	164	2	0	0	0.0243902439024	0.164634146341
#2nrcB02	216	3	0.9	1.0	0.162037037037	0.574074074074
#3b5mB02	76	3	0.5	0.5	0.0	0.0
#1r2cC02	171	2	1.0	1.0	0.0	0.0
#1nrkA02	84	3	1.0	1.0	0.0119047619048	0.0833333333333
#2qm4A02	84	3	0.0	0.0	0.0	0.0
#1bgxT02	73	24	0.347826086957	0.391304347826	0.0547945205479	0.260273972603
#1s68A01	114	7	0.166666666667	0.166666666667	0.0	0.0
#2p67A01	52	12	0.0909090909091	0.0909090909091	0.0	0.0
#1mtpA02	91	4	1.0	1.0	0.0549450549451	0.263736263736
#1hqcA02	76	24	0.260869565217	0.347826086957	0.0131578947368	0.0789473684211
#2c1fA00	219	2	0.0	0.0	0.013698630137	0.0684931506849
#1mqsA03	120	2	1.0	1.0	0.025	0.108333333333
#1mqsA04	101	2	1.0	1.0	0.0	0.0
#1db3A02	116	14	0.153846153846	0.307692307692	0.0344827586207	0.353448275862
#1dd1B00	249	2	0	0.0	0.0562248995984	0.285140562249
#3hiqA02	81	8	1.0	1.0	0.0	0.0
#1h0zA00	68	2	1.0	1.0	0.0	0.0
#2p0nA00	157	2	1.0	1.0	0.00636942675159	0.114649681529
#1bg1A02	145	2	1.0	1.0	0.0137931034483	0.11724137931
#3k2vA00	123	4	1.0	1.0	0.0813008130081	0.317073170732
#1n2lA02	98	5	1.0	1.0	0.030612244898	0.122448979592
#1ni3A03	90	2	1.0	1.0	0.0111111111111	0.144444444444
#2hj0A01	259	4	0.666666666667	0.266666666667	0.011583011583	0.0772200772201
#1fepA01	133	5	1.0	1.0	0.315789473684	0.571428571429
#1rkeA01	133	2	1.0	1.0	0.0225563909774	0.112781954887
#2o14A01	145	3	0	0.0	0.0137931034483	0.0827586206897
#3od2A02	85	3	0	0.5	0.0	0.0705882352941
#2wssA01	93	4	0.0	0.0	0.0645161290323	0.247311827957
#2ra9A02	72	2	1.0	1.0	0.0	0.0
#1jtnA00	177	2	1.0	1.0	0.045197740113	0.231638418079
#2hx1A02	119	3	0.0	0.0	0.0	0.0
#1iynA02	124	5	0.75	0.75	0.258064516129	0.5
#2af0A01	51	2	1.0	1.0	0.0	0.137254901961
#1c7nA01	164	38	0.135135135135	0.27027027027	0.5	0.737804878049
#3e77A02	108	38	0	0.0	0.0185185185185	0.166666666667
#1nvmA02	64	24	0.0	0.0	0.0	0.0625
#2nyvA02	64	21	0.15	0.15	0.0	0.0
#1f8rA03	101	4	0.0	0.0	0.039603960396	0.138613861386
#1f8rA01	180	5	0.5	0.5	0.0888888888889	0.266666666667
#2a1aB01	97	44	0.697674418605	0.744186046512	0.39175257732	0.463917525773
#1ixrB03	53	16	0.0666666666667	0.0666666666667	0.0	0.0
#1fb1A01	60	2	1.0	1.0	0.0	0.0666666666667
#3fovA00	101	10	0.222222222222	0.311111111111	0.128712871287	0.346534653465
#1dtyA01	159	38	0.0540540540541	0.151351351351	0.220125786164	0.51572327044
#1hdhA02	77	5	1.0	1.0	0.012987012987	0.103896103896
#1nxzA01	71	3	0.5	0.5	0.0	0.0422535211268
#1j5qA01	198	2	0.0	0.0	0.010101010101	0.040404040404
#1inpA03	166	7	0.833333333333	0.833333333333	0.0120481927711	0.0361445783133
#1w63Q00	149	3	0.5	0.5	0.161073825503	0.429530201342
#1fnnA01	101	24	0.173913043478	0.173913043478	0.029702970297	0.168316831683
#1kusA01	130	38	0.324324324324	0.367567567568	0.0384615384615	0.2
#1wclA00	76	24	0.347826086957	0.347826086957	0.0	0.0
#1rm1C01	60	3	0.0	0.0	0.0	0.0
#1mhnA00	59	3	1.0	1.0	0.0169491525424	0.0677966101695
#1rztA04	67	4	1.0	1.0	0.0149253731343	0.164179104478
#3djbA01	93	3	0.8	0.8	0.010752688172	0.0752688172043
#1s7iA00	124	2	0.0	0	0.0322580645161	0.145161290323
#1scjB00	71	3	0.5	0.5	0.0	0.0
#1jj2A03	78	2	1.0	1.0	0.0	0.0769230769231
#3mesB02	288	5	0	1.0	0.149305555556	0.458333333333
#3o6fF01	120	4	0.0	0.333333333333	0.0833333333333	0.316666666667
#3pdoA01	82	4	0.333333333333	0.333333333333	0.0	0.0609756097561
#1rkxC02	159	14	0.538461538462	0.538461538462	0.0188679245283	0.119496855346
#1m1jB03	144	4	1.0	1.0	0.0	0.0138888888889
#3csvA02	235	5	1.0	1.0	0.0553191489362	0.217021276596
#1lvhA02	78	21	0.05	0.05	0.0	0.141025641026
#2hgsA03	81	2	1.0	1.0	0.0	0.0864197530864
#2hgsA01	87	2	1.0	1.0	0.0	0.0
#1bipA00	122	5	1.0	1.0	0.00819672131148	0.122950819672
#2qdzA03	73	2	0	0.0	0.013698630137	0.0958904109589
#1poiA01	264	4	0.666666666667	1.0	0.106060606061	0.42803030303
#1ecmB00	95	2	1.0	1.0	0.0210526315789	0.178947368421
#1mwqA00	99	2	1.0	1.0	0.030303030303	0.191919191919
#2rccA01	251	7	0.333333333333	0.5	0.103585657371	0.494023904382
#2q83A02	226	5	1.0	1.0	0.0309734513274	0.101769911504
#1dqsA01	179	4	1.0	1.0	0.106145251397	0.340782122905
#2gskA02	464	4	1.0	1.0	0.323275862069	0.696120689655
#1pbjA00	116	4	1.0	1.0	0.129310344828	0.413793103448
#1qwtA00	239	2	1.0	1.0	0.0292887029289	0.205020920502
#3i99A01	71	8	0.285714285714	0.428571428571	0.0	0.056338028169
#1d0sA01	74	2	1.0	1.0	0.0135135135135	0.0540540540541
#1re5A01	102	8	0.571428571429	0.857142857143	0.0490196078431	0.343137254902
#1vbgA01	159	18	0.0588235294118	0.0588235294118	0.213836477987	0.540880503145
#1sbxA00	103	2	1.0	1.0	0.0	0.0970873786408
#1joyA00	67	3	0.0	0.0	0.179104477612	0.313432835821
#1ja0B02	129	3	1.0	1.0	0.0852713178295	0.240310077519
#3cslA01	128	5	1.0	1.0	0.109375	0.375
#2chgA02	66	24	0.295652173913	0.313043478261	0.0	0.0
#1jp4A02	129	7	0.833333333333	0.833333333333	0.015503875969	0.093023255814
#1agxA02	115	2	1.0	1.0	0.0695652173913	0.373913043478
#2gz4A00	200	6	0.6	0.8	0.04	0.23
#1wk2A00	82	2	0	0.0	0.0121951219512	0.0853658536585
#1q5fA01	150	2	1.0	1.0	0.0	0.0
#1t8eA04	112	24	0.0434782608696	0.0434782608696	0.196428571429	0.5
#1c7yA02	76	24	0.417391304348	0.469565217391	0.0131578947368	0.118421052632
#1rlmA02	107	5	0.25	0.25	0.0	0.0
#1ogyA03	275	5	1.0	1.0	0.272727272727	0.64
#1oruA00	176	2	1.0	1.0	0.0511363636364	0.204545454545
#1souA00	194	2	0.0	0.0	0.170103092784	0.561855670103
#3nr9B01	106	44	0.511627906977	0.744186046512	0.405660377358	0.509433962264
#1cwvA04	91	2	1.0	1.0	0.0	0.0
#1jk0A00	334	7	0.333333333333	0.666666666667	0.101796407186	0.497005988024
#1uw4B00	248	8	0	0.285714285714	0.100806451613	0.451612903226
#2vpwA01	67	3	1.0	1.0	0.0149253731343	0.208955223881
#1rsgB02	299	5	0.5	0.5	0.197324414716	0.591973244147
#1wp1A02	83	2	1.0	1.0	0.0240963855422	0.204819277108
#1j2zA02	67	2	1.0	1.0	0.0	0.0
#1pfkA02	126	2	0	1.0	0.15873015873	0.571428571429
#2qfmA02	56	5	1.0	1.0	0.0178571428571	0.0714285714286
#3gopA01	106	44	0.413953488372	0.674418604651	0.254716981132	0.38679245283
#2b0cA02	66	21	0.05	0.05	0.0	0.0
#1wt6B00	67	2	0.0	0.0	0.0	0.0
#2qkwB01	72	44	0.581395348837	0.744186046512	0.541666666667	0.652777777778
#1i24A02	142	14	0.538461538462	0.615384615385	0.323943661972	0.612676056338
#1jg8A02	96	38	0.286486486486	0.351351351351	0.0416666666667	0.15625
#1q16A07	128	5	1.0	1.0	0.25	0.5234375
#1q16A03	47	3	0.0	0.0	0.0	0.0425531914894
#2bc4C01	80	4	0.333333333333	0.333333333333	0.0	0.0
#1iduA01	176	2	0.0	0.0	0.0	0.0
#1atjA02	146	5	0.75	0.75	0.246575342466	0.541095890411
#2iubF03	73	2	0	0.0	0.013698630137	0.0958904109589
#1rkqA02	107	5	0.5	0.5	0.00934579439252	0.121495327103
#1tmoA02	250	5	0.75	1.0	0.332	0.628
#1ojlD02	82	24	0.0434782608696	0.0260869565217	0.146341463415	0.329268292683
#3b8bA02	109	7	0.833333333333	0.833333333333	0.0183486238532	0.100917431193
#3ci0K01	104	3	0.0	0.0	0.0	0.0288461538462
#1fviA01	79	7	0.5	0.5	0.0	0.0
#1i3qB07	124	2	1.0	1.0	0.0806451612903	0.354838709677
#2nrjA01	323	2	0	0.0	0.0061919504644	0.0247678018576
#2z43B01	64	24	0.495652173913	0.478260869565	0.0	0.0
#1loxA03	113	2	1.0	1.0	0.0973451327434	0.309734513274
#1iy9A02	52	5	1.0	1.0	0.0	0.0
#3iacA02	92	3	0.5	0.5	0.0108695652174	0.184782608696
#1do0A03	109	24	0	0.0434782608696	0.0733944954128	0.220183486239
#3ce9A01	154	4	1.0	1.0	0.0519480519481	0.233766233766
#2o61B01	205	3	0.5	0.5	0.0731707317073	0.29756097561
#2o5rA02	119	2	1.0	1.0	0.134453781513	0.478991596639
#1dgmA02	62	2	1.0	1.0	0.0161290322581	0.0645161290323
#1wc8A01	163	2	1.0	1.0	0.116564417178	0.41717791411
#1fc4A02	133	38	0.0486486486486	0.0756756756757	0.172932330827	0.541353383459
#1x9nA02	83	7	0.5	0.5	0.0361445783133	0.192771084337
#2fgcA03	74	3	0.0	0.0	0.0	0.0540540540541
#1imvA01	169	4	1.0	1.0	0.313609467456	0.609467455621
#2bjiB02	131	7	0.833333333333	0.833333333333	0.0610687022901	0.24427480916
#2odfA01	243	4	0.333333333333	0.333333333333	0.0411522633745	0.19341563786
#3i4pA02	82	5	0.9	1.0	0.0	0.0487804878049
#1a6oA01	91	44	0.697674418605	0.744186046512	0.241758241758	0.428571428571
#1vb5A01	94	2	0.0	0.0	0.0	0.0
#1yubA02	80	3	0	0	0.0	0.0
#1sf2A01	165	38	0.135135135135	0.205405405405	0.430303030303	0.654545454545
#1pu6A01	93	7	0.333333333333	0.333333333333	0.0	0.0
#2jz5A00	91	2	0	0	0.0	0.0659340659341
#1h0hA03	268	5	1.0	1.0	0.235074626866	0.5
#3iucA02	56	2	1.0	1.0	0.0714285714286	0.214285714286
#3c1oA02	129	14	0.0	0.0461538461538	0.0387596899225	0.201550387597
#1hzdA02	60	6	0.8	0.96	0.0166666666667	0.1
#1hniB01	135	2	1.0	1.0	0.355555555556	0.696296296296
#1fezA02	78	21	0	0.0	0.025641025641	0.102564102564
#1a0gA01	118	6	0.8	1.0	0.0508474576271	0.21186440678
#2j2fA00	348	7	0.166666666667	0.333333333333	0.0488505747126	0.290229885057
#1e8bA02	62	2	1.0	1.0	0.0	0.0645161290323
#1sh0A04	120	4	0.933333333333	0.866666666667	0.0166666666667	0.175
#2re3A01	81	2	1.0	1.0	0.0	0.0493827160494
#2wwwD01	63	12	0.0909090909091	0.0909090909091	0.0	0.0
#3orkA01	96	44	0.697674418605	0.744186046512	0.40625	0.46875
#1owcB03	110	3	1.0	1.0	0.0545454545455	0.354545454545
#1mvhA00	269	4	1.0	1.0	0.312267657993	0.617100371747
#2pjuD02	89	2	1.0	1.0	0.0112359550562	0.0112359550562
#1a59A02	108	3	1.0	1.0	0.0833333333333	0.342592592593
#1taqA05	127	3	0.4	0.3	0.125984251969	0.433070866142
#1kdgA02	204	2	0.0	0.0	0.0	0.0147058823529
#1r6vA02	78	3	0	0	0.0	0.0
#1h88B00	71	12	0.363636363636	0.363636363636	0.0281690140845	0.0985915492958
#3kflA02	121	2	1.0	1.0	0.140495867769	0.512396694215
#1kmoA02	519	4	1.0	1.0	0.425818882466	0.745664739884
#1kmoA01	128	5	1.0	1.0	0.2734375	0.578125
#1qceA00	123	5	0	0.0	0.0813008130081	0.252032520325
#1o7dE00	109	2	0.0	0.0	0.0275229357798	0.137614678899
#2x4dA02	105	3	0.5	1.0	0.0285714285714	0.161904761905
#3cjhB00	59	2	1.0	1.0	0.0	0.0
#1p22A01	99	2	1.0	1.0	0.010101010101	0.0808080808081
#1f5sA02	61	2	1.0	1.0	0.0	0.0655737704918
#1ekfA01	189	6	0.4	0.8	0.116402116402	0.396825396825
#2e7wA02	98	5	0.75	1.0	0.030612244898	0.163265306122
#2p5uA02	111	14	0.384615384615	0.507692307692	0.225225225225	0.387387387387
#1xqzA01	93	44	0.697674418605	0.720930232558	0.408602150538	0.537634408602
#1fjxA01	116	3	1.0	1.0	0.00862068965517	0.0344827586207
#1jfyA00	306	4	1.0	1.0	0.127450980392	0.375816993464
#1pm3A00	69	2	0.0	0.0	0.0	0.0
#2jv0A01	152	4	1.0	1.0	0.315789473684	0.493421052632
#1ddgA02	105	3	1.0	1.0	0.0	0.0952380952381
#1yqlA02	82	7	0.0	0.166666666667	0.0243902439024	0.158536585366
#1itkA02	134	5	1.0	1.0	0.179104477612	0.470149253731
#1s5eA00	232	2	1.0	1.0	0.0215517241379	0.116379310345
#1itkA04	129	5	0.75	0.75	0.0232558139535	0.279069767442
#1z52B01	90	2	0.0	0	0.0	0.0
#1ai4B02	73	2	1.0	1.0	0.0	0.0
#1ai4B03	161	2	1.0	1.0	0.0	0.0
#1xkwA01	100	5	1.0	1.0	0.28	0.54
#1wr1B01	52	16	0.466666666667	0.466666666667	0.0	0.0
#2nzcB00	80	3	0.5	0.5	0.0	0.0
#1xi9C01	168	38	0.145945945946	0.351351351351	0.119047619048	0.47619047619
#1gl2C00	60	8	0.257142857143	0.142857142857	0.0	0.0
#1ju3A03	95	2	0.8	0.8	0.0	0.0
#2grxA01	153	5	1.0	1.0	0.392156862745	0.542483660131
#1e94F02	100	16	0.0	0.0	0.0	0.0
#1d6mA03	141	2	1.0	1.0	0.0283687943262	0.170212765957
#1cjsA02	91	2	1.0	1.0	0.032967032967	0.186813186813
#1ctlA00	85	5	1.0	1.0	0.0235294117647	0.129411764706
#1xmxA02	149	10	0.222222222222	0.333333333333	0.00671140939597	0.0671140939597
#2npsB00	68	8	0.142857142857	0.285714285714	0.0441176470588	0.191176470588
#1y9mA02	163	2	1.0	1.0	0.0245398773006	0.220858895706
#1nx8B00	256	4	1.0	1.0	0.1328125	0.5
#1fvfA04	124	2	0.0	0.0	0.0161290322581	0.129032258065
#1jalA03	81	2	1.0	1.0	0.0246913580247	0.20987654321
#1tllA02	162	3	0.5	1.0	0.166666666667	0.481481481481
#1o9jA02	230	3	1.0	1.0	0.121739130435	0.404347826087
#1fiqB01	63	8	0.142857142857	0.142857142857	0.0	0.0
#2ppqA02	212	5	1.0	1.0	0.00471698113208	0.0377358490566
#2ppqA01	93	44	0.0232558139535	0.0418604651163	0.010752688172	0.010752688172
#1qyrA02	68	3	0.2	0.4	0.0147058823529	0.0147058823529
#1a9vA00	129	2	1.0	1.0	0.0	0.031007751938
#1w36B04	146	2	1.0	1.0	0.0479452054795	0.212328767123
#1w36B05	286	2	0	0	0.0524475524476	0.314685314685
#1r7aA02	81	4	1.0	1.0	0.0246913580247	0.172839506173
#1m32A01	110	38	0.0540540540541	0.12972972973	0.0363636363636	0.263636363636
#1biqB00	341	7	0.333333333333	0.5	0.114369501466	0.504398826979
#3cebA01	83	6	1.0	1.0	0.0	0.0
#1konA03	75	3	1.0	1.0	0.0266666666667	0.12
#1vdkB03	59	7	0.333333333333	0.333333333333	0.0677966101695	0.237288135593
#2g7zA02	118	3	1.0	1.0	0.0847457627119	0.237288135593
#1vg9A03	99	4	0.333333333333	0.333333333333	0.040404040404	0.20202020202
#1vg9A02	183	2	0.6	0.6	0.0218579234973	0.147540983607
#1ynuA01	178	38	0.162162162162	0.313513513514	0.0730337078652	0.26404494382
#1wmxB00	195	3	0.0	0.0	0.0	0.0
#3mabB00	88	24	0.208695652174	0.217391304348	0.0	0.0454545454545
#1pbvA01	82	3	1.0	1.0	0.0	0.134146341463
#1jqjA03	119	3	0.5	0.5	0.0588235294118	0.285714285714
#1uirA01	52	5	1.0	1.0	0.0	0.0
#1qsaA02	70	2	0.0	0.0	0.0	0.0
#1bdp004	144	24	0.0434782608696	0.0434782608696	0.194444444444	0.604166666667
#1ug3A02	128	8	0.142857142857	0.142857142857	0.03125	0.125
#2ogiB00	191	6	0.28	0.6	0.219895287958	0.434554973822
#1ug3A01	195	8	0.0	0.0571428571429	0.0358974358974	0.2
#2r86A03	62	18	0.411764705882	0.411764705882	0.0	0.0
#1fdiA01	58	3	0.8	0.5	0.0	0.0689655172414
#2y4iB01	91	44	0.674418604651	0.720930232558	0.428571428571	0.527472527473
#3bp1A01	118	5	0.25	0.25	0.0169491525424	0.118644067797
#1dgsA06	83	24	0.304347826087	0.513043478261	0.0361445783133	0.253012048193
#3mksD01	101	2	1.0	1.0	0.0	0.029702970297
#1xi8B02	66	3	1.0	1.0	0.0	0.0606060606061
#2q0zX02	56	24	0.0347826086957	0.0347826086957	0.0178571428571	0.0714285714286
#1nw1A01	96	3	1.0	1.0	0.0625	0.135416666667
#1d2nA02	67	24	0.0	0.0	0.0	0.0
#1sxjC02	69	24	0.347826086957	0.365217391304	0.0	0.0
#1esgB00	212	3	1.0	1.0	0.0141509433962	0.0518867924528
#2ijzA02	107	2	1.0	1.0	0.00934579439252	0.177570093458
#1c8oA02	118	4	1.0	1.0	0.372881355932	0.508474576271
#1gk4A00	79	12	0	0.0	0.0253164556962	0.227848101266
#1yq3A04	65	2	1.0	1.0	0.0	0.0
#3gbyA00	126	4	0.666666666667	1.0	0.269841269841	0.507936507937
#1re0B01	80	3	1.0	1.0	0.0	0.05
#1p5hA02	97	2	1.0	1.0	0.020618556701	0.185567010309
#1dctA02	151	3	1.0	1.0	0.046357615894	0.185430463576
#1i19A01	76	8	0.428571428571	0.542857142857	0.0	0.0
#1i19A04	50	2	0.0	0.0	0.0	0.0
#3ffhA01	131	38	0.210810810811	0.378378378378	0.0534351145038	0.206106870229
#3pplA01	178	38	0.0810810810811	0.183783783784	0.134831460674	0.320224719101
#3q32B01	94	44	0.720930232558	0.739534883721	0.159574468085	0.340425531915
#2pq7A00	169	6	0.16	0.36	0.0473372781065	0.195266272189
#1d6mA01	156	2	1.0	1.0	0.282051282051	0.660256410256
#1t3qC01	56	8	0.142857142857	0.142857142857	0.0	0.0
#2r6fA03	70	18	0.0	0.0	0.0	0.0428571428571
#1wdiA02	73	2	1.0	1.0	0.0	0.0
#2aypA01	96	44	0.697674418605	0.744186046512	0.479166666667	0.614583333333
#2z4rA02	72	24	0.173913043478	0.173913043478	0.0	0.0416666666667
#1vkyB02	77	2	1.0	1.0	0.0	0.0
#1dabA00	539	2	0	0	0.0315398886827	0.204081632653
#1rl0A02	74	8	0.857142857143	0.857142857143	0.0	0.0
#1ksfX05	102	24	0.0782608695652	0.0869565217391	0.0490196078431	0.205882352941
#1itpA00	77	3	0.5	0.5	0.0	0.0
#1ytzT00	90	2	1.0	1.0	0.0222222222222	0.0666666666667
#1xjuA00	156	2	1.0	1.0	0.141025641026	0.532051282051
#1s6dA01	85	5	1.0	1.0	0.0	0.0
#2q83A01	98	44	0.0	0.0186046511628	0.0	0.0408163265306
#1w36C02	109	3	0.0	0.0	0.00917431192661	0.119266055046
#3s6oC00	306	5	0.25	0.25	0.205882352941	0.535947712418
#3d1lA02	95	2	1.0	1.0	0.0210526315789	0.0736842105263
#1dciA02	63	6	0.8	0.8	0.0	0.047619047619
#2gljA02	138	2	1.0	1.0	0.0579710144928	0.202898550725
#1j7xA01	88	3	0.0	0.0	0.0	0.0
#1aq6A02	75	21	0.0	0.0	0.0	0.04
#3dnhA02	82	2	1.0	1.0	0.0	0.0
#2q07A03	64	7	0.5	0.5	0.0	0.0
#1g59A02	85	2	1.0	0.4	0.105882352941	0.329411764706
#1liaB00	177	2	1.0	1.0	0.0169491525424	0.146892655367
#1et0A01	108	6	0.96	1.0	0.0648148148148	0.231481481481
#2fblB00	148	3	0.0	0.5	0.027027027027	0.216216216216
#1werA02	148	2	0.0	0.8	0.0608108108108	0.277027027027
#3fi8A01	80	3	1.0	1.0	0.025	0.1125
#3bg2A02	112	2	1.0	1.0	0.00892857142857	0.0714285714286
#3bg2A03	96	2	1.0	1.0	0.0416666666667	0.114583333333
#3bg2A01	189	6	0.2	0.48	0.0740740740741	0.37037037037
#1j3uA03	52	7	0.466666666667	0.333333333333	0.0384615384615	0.173076923077
#1gd2E00	65	12	0.363636363636	0.363636363636	0.0	0.0615384615385
#1cvuA02	511	2	1.0	1.0	0.219178082192	0.618395303327
#2w8hA01	114	2	1.0	1.0	0.0350877192982	0.166666666667
#2w8hA02	107	2	1.0	1.0	0.018691588785	0.130841121495
#2i76A02	102	2	1.0	1.0	0.00980392156863	0.107843137255
#2a0sA00	163	3	1.0	1.0	0.0368098159509	0.208588957055
#1vp4A01	186	38	0.0756756756757	0.286486486486	0.188172043011	0.440860215054
#1c0fA03	92	5	0.25	0.25	0.163043478261	0.619565217391
#1f53A00	84	4	0.333333333333	0.333333333333	0.0	0.0
#3nqxA01	153	2	1.0	1.0	0.0130718954248	0.169934640523
#3fexA02	192	8	0	0.0	0.00520833333333	0.109375
#3fexA03	281	8	0	0	0.00355871886121	0.103202846975
#1espA02	161	2	0.0	0.0	0.0807453416149	0.428571428571
#1c4kA03	180	38	0.027027027027	0.0162162162162	0.0333333333333	0.188888888889
#1fdmA00	50	2	0.0	0.0	0.0	0.0
#3g33A01	93	44	0.720930232558	0.744186046512	0.344086021505	0.47311827957
#2q5cA02	90	2	1.0	1.0	0.0111111111111	0.0111111111111
#1re5A03	89	7	0.333333333333	0.333333333333	0.0	0.112359550562
#1k9yA02	135	7	0.833333333333	0.833333333333	0.0222222222222	0.155555555556
#1mn1A02	172	5	0.75	1.0	0.110465116279	0.354651162791
#1iw7M06	133	2	1.0	1.0	0.0375939849624	0.353383458647
#1n8pA02	140	38	0.0	0.00540540540541	0.328571428571	0.607142857143
#1apgA02	88	8	0.857142857143	0.857142857143	0.0	0.0
#1m0wA03	85	2	1.0	1.0	0.0	0.0
#2f57A01	108	44	0.674418604651	0.744186046512	0.361111111111	0.444444444444
#1fepA02	531	4	1.0	1.0	0.316384180791	0.544256120527
#3ghgL01	139	4	1.0	1.0	0.00719424460432	0.0719424460432
#1nrwA02	130	5	0.5	0.5	0.0	0.0153846153846
#1nv8A01	74	16	0.0666666666667	0.0666666666667	0.0	0.0
#2pfmA01	93	8	0.571428571429	0.857142857143	0.0322580645161	0.193548387097
#3cjhI00	54	2	1.0	1.0	0.0	0.0740740740741
#1cbzA02	185	3	1.0	1.0	0.027027027027	0.178378378378
#2pn1A02	62	18	0.6	0.635294117647	0.0	0.0
#1gkuB06	156	2	1.0	1.0	0.115384615385	0.358974358974
#2qxlA02	76	2	1.0	1.0	0.144736842105	0.421052631579
#2p1gA02	100	2	0.8	0.8	0.01	0.14
#1j7lA01	90	44	0.0651162790698	0.0651162790698	0.0	0.0333333333333
#1iciB02	93	2	1.0	1.0	0.258064516129	0.623655913978
#1v7vA01	302	2	0.0	1.0	0.0596026490066	0.294701986755
#2xd4A02	70	18	0.764705882353	0.764705882353	0.0285714285714	0.2
#1skrA03	178	3	0.4	0.4	0.106741573034	0.438202247191
#3c8tA01	97	8	0.571428571429	0.857142857143	0.0515463917526	0.371134020619
#1vkzA02	70	18	0.764705882353	0.764705882353	0.0142857142857	0.114285714286
#1b9lA00	119	5	0.25	0.25	0.0168067226891	0.201680672269
#1jh2A00	99	2	0	1.0	0.111111111111	0.393939393939
#1yvvA02	170	5	0.0	0	0.0647058823529	0.235294117647
#3k6eB00	147	4	1.0	1.0	0.115646258503	0.360544217687
#2hqeA02	93	3	0.5	1.0	0.0430107526882	0.247311827957
#2x3fA02	100	3	1.0	1.0	0.06	0.51
#1i9gA01	64	2	1.0	1.0	0.0	0.125
#1zjjA02	117	3	1.0	1.0	0.0854700854701	0.324786324786
#1wdeA01	112	5	0.75	1.0	0.258928571429	0.5625
#1a8rA02	136	5	0	0.25	0.139705882353	0.477941176471
#1a8rA01	85	2	1.0	1.0	0.0	0.0
#1ba3A01	156	7	0.333333333333	0.5	0.762820512821	0.807692307692
#1ba3A03	77	4	1.0	1.0	0.402597402597	0.519480519481
#1ba3A02	142	7	0.666666666667	0.666666666667	0.401408450704	0.633802816901
#1kobA01	109	44	0.720930232558	0.744186046512	0.220183486239	0.275229357798
#1y9bA00	79	3	0.0	0.0	0.0253164556962	0.139240506329
#1l8lA02	63	2	1.0	1.0	0.015873015873	0.126984126984
#2hszA02	74	21	0.2	0.2	0.0	0.0
#3ce8A00	87	5	0.0	0.0	0.0	0.0
#3ivcA02	113	3	1.0	1.0	0.070796460177	0.203539823009
#1cooA00	81	24	0.24347826087	0.321739130435	0.0123456790123	0.037037037037
#1fm2B03	66	2	1.0	1.0	0.0	0.0
#3b77A02	86	5	0	0	0.0	0.0
#1s9iB01	93	44	0.720930232558	0.744186046512	0.408602150538	0.483870967742
#1ic2A00	79	2	0.0	0.0	0.0253164556962	0.113924050633
#1b43A02	61	24	0.339130434783	0.391304347826	0.0	0.0655737704918
#2hrzA02	98	14	0.0	0.0	0.030612244898	0.122448979592
#2rhqB01	69	2	1.0	1.0	0.0869565217391	0.260869565217
#2pfmA03	85	7	0.666666666667	0.666666666667	0.0	0.0705882352941
#1doqA00	69	24	0.24347826087	0.321739130435	0.0144927536232	0.0869565217391
#1m3vA00	122	5	1.0	1.0	0.0573770491803	0.180327868852
#1a48A01	111	44	0.0232558139535	0.0232558139535	0.00900900900901	0.135135135135
#1kq3A01	158	4	1.0	1.0	0.221518987342	0.556962025316
#1i4wA02	75	3	0	0	0.0	0.0
#1sfeA01	81	2	0.0	0.0	0.0	0.037037037037
#2gsaA01	178	38	0.108108108108	0.108108108108	0.11797752809	0.410112359551
#3b8eB00	46	12	0.0	0.0	0.0	0.0
num of hits: 858
sum of d: 36.8695609449
pearsonr len vs d: 0.117917371439
pearsonr block1 vs d: 0.156404744855
pearsonr block4 vs d: 0.22144718942
